208 EPHEMERIS SOLIS ANNI 1590

1590
Aprilis Majus Iunius
P. M. s. P. Μ. εζ P. M. s,

Ianuarius Februarius Martius

 

 

1 21 7 36 22 38 30 20 43 44 21 16 55 20 20 15 19 59 16
2 22 8 52 23 39 6 21 43 24 22 15 29 21 17 56 20 56 27
3 23 10 7 24 39 41 22 43 2 23 14 1 22 15 35 21 53 36
4 24 11 22 25 40 15 23 42 39 24 12 30 23 13 13 22 50 45
5 25 12 34 26 40 47 24 42 13 25 10 58 24 10 49 23 47 52
6 26 13 47 27 41 17 25 41 45 26 9 24 25 8 24 24 45 0
7 27 14 59 28 41 45 26 41 14 27 7 47 26 5 58 25 42 7
8 28 16 10 29 42 11 ·27 40 41 28 6 9 27 3 30 26 39 14
29 17 20 )( 42 35 28 40 7 29 4 29 28 1 1 27 36 21
m 18 29 1 42 57 29 39 30 8 2 47 28 58 31 28 33 27
11937 24317 v38 52 1 l 2 29 55 59 293034
22045 34336 13811 15913 ][5327 82741
32151 443 53 237 26 257 23 150 54 124 47
42255 5448 33641 35532 24820 22152
52358 64421 43554 45349 34544 31857
6250 74432 5355 55155 4437 4163
7261 84441 63413 6500 54030 5138
8271 94448 73319 7482 63751 61013
9280104453 83223 8464 73510 7719
102857114454 93124 9445 83229 8425
11 29 53 12 44 54 10 30 23 10 42 4 9 29 47 9 1 31
12 30 48 13 44 52 11 29 20 11 40 1 10 27 5 9 58 37
13 31 41 14 44 48 12 28 15 12 37 56 11 24 22 10 55 43
14 32 33 15 44 42 13 27 8 13 35 48 12 21 38 11 52 49
15 33 23 16 44 34 14 25 59 14 33 38 13 18 52 12 49 55
16 34 12 17 44 24 15 24 49 15 31 27 14 16 6 13 47 2
17 34 59 18 44 12 16 23 35 16 29 15 15 13 19 14 44 9
18 35 44 19 43 57 17 22 18 17 27 2 16 10 31 15 41 16
19 36 27 18 21 1 18 24 48 17 7 43 16 38 23
30 20 37 10 19 19 42 19 22 32 18 4 55 17 35 29
31 21 37 50 20 18 20 19 2 6

1590

10

15

25

