 

 

212 EPHEMERIS SOLIS ANNI 1592
1592

Dies Ianuarius Februarius Martius Aprilis MaJus

P. M. S. P. Μ. S. Ρ. Μ. S. P. M. S. Ρ. M. S.'
1 20 37 50 22 9 2 21 14 25 21 47 8 20 50 3 20 28 50
2 21 39 6 23 9 41 22 14 6 22 45 41 21 47 43 21 25 58
3 22 40 21 24 10 17 23 13 44 23 44 12 22 45 22 22 23 6
4 . 23 41 36 25 10 51 24 13 20 24 42 41 23 42 59 23 20 14
5 24 42 50 26 11 24 25 12 53 25 41 8 24 40 35 24 17 22
6 25 44 3 27 11 55 26 12 24 26 39 33 25 38 9 25 14 31
7 26 45 15 28 12 24 27 11 53 27 37 56 26 35 42 26 11 39
8 27 46 26 29 12 51 28 11 20 28 36 17 27 33 14 27 8 46
28 47 36 )( 13 16 29 10 44 29 34 36 28 30 45 28 5 53
10 29 48 46 1 13 38 V 10 5 8 32 52 29 28 13 29 3 0
zww4952 21358 1925 1316 112541 306
12 150 59 31416 843 22919 123 8 05712
13 252 5 414 33 759 327 30 220 34 15417
14 3 53 11 5 14 50 7 13 4 25 39 3 17 59 2 51 23
15 45416 615 5 624 523 47 415 23 34828
16 5 55 20 7 15 18 5 33 6 21 53 5 12 45 4 45 33
17 656 23 815 29 440 719 58 610 6 54238
18 75724 91537 344 8181 7727 63943
19 8-58 23 1015 43 2 47 916 2 8 4 47 7 36 49
20 959201115461014910141 926 83356
21 11 0 16 12 15 47 11 0 47 11 11 57 9 59 24 9 31 0
22 12 1 11 13 15 46 11 59 44 12 9 52 10 56 41 10 28 6
23 13 2 5 14 15 43 12 58 37 13 7 45 11 53 57 11 25 12
24 14 2 57 15 15 38 13 57 28 14 5 37 12 51 11 12 22 18
25 15 3 48 16 15 29 14 56 17 15 3 28 13 48 25 13 19 25
26 16 4 38 17 15 18 15 55 4 16 1 17 14 45 39 14 16 31
27 17 5 26 18 15 6 16 53 49 16 59 3 15 42 52 15 13 38
28 18 6 12 19 14 53 17 52 32 17 56 49 16 40 5 16 10 45
29 19 6 57 20 14 38 18 51 14 18 54 34 17 37 17 17 7 53
30 20 7 40 19 49 54 19 52 20 18 34 29 18 Υ5 0

31 21 8 21 20 48 30 19 31 38

1592

10

15

25

