252

 

CALCULI ORBITAE SATURNI
91 Mense Decembri.
1 10 ll 30 Apog. 4 1 13
22 0
1 9 49 30
3 57 43 0
3 12 6 30
l 9 49 30
1 24 46
1 11 14 16
28 8 16
950 9 22 32 deficitZM
Anno 93.
l 22 53 30 Apog. 4 l 14 1 22 31 30
22 0 2 48 34
1 22 31 30 1 25 20 4
3 57 44 0 28 9 6
3 24 47 30 ᾧ 23 29 10
ᾶείὶοίιιη132 {g
Anno 94 D. 18 J an. 3 Mmma
Simp.l 35 35 13 Apog. 4 1 15 1 35 13 13
22 0 4 2 36
1 35 13 13 1 39 15 50
3 57 45 0 28 10 0
3 37 28 13 7 25 50
deficiunt 2 M. ΙΙ
Anno 95 Feb. d. 21 241Γ Ω.
1 48 16 23 Apog. 4 1 15 16 1 47 54 23
22 0 3 30 5 3 15
1 47 54 23 3 57 45 16 1 52 57 38
3 57 45 16 28 10 45
3 50 9 7 21 8 23
Locus Τ) 21 9 45 21 ll 35
adde pro arcu incl. l 50 ——3‘—12
verus b 21 11 35 deficit ergo 3} Μ.
21 8 20
3 15

 

Atque

10

1⁵⁴

20

25

26v

35

