EPHEMERIS SOLIS ANNI 1592 213
1592
Augustus September Ocstober
Ρ. M. S. Ρ. Μ. s Ρ. M. s.

19 2 9 18 39 39 18 38 44 9 58 19 13 59 19 43 33

5 19 59 17 19 37 13 19 37 15 9 32 20 14 35 20 44 46
20 56 26 20 34 52 20 35 49 20 9 10 21 15 15 21 46 2

21 53 36 21 32 33 21 34 25 21 8 52 22 15 57 22 47 19

22 50 46 22 30 16 22 33 3 22 8 36 23 16 41 23 48 37

23 47 57 23 28 0 23 31 43 23 8 21 24 17 27 24 49 55

10 24 45 9 24 25 45 24 30 24 24 8 8 25 18 15 25 51 14
25 42 21 25 23 32 25 29 8 25 7 57 26 19 4 26 52 33

26 39 34 26 21 20 26 27 54 26 7 49 27 19 55 27 53 52

27 36 47 27 19 10 27 26 42 27 7 43 28 20 47 28 55 10

28 34 1 28 17 1 28 25 32 28 7 39 29 21 40 29 56 29

15 29 31 15 29, 14 54 29 24 25 29 7 37 ,3¹ 22 34 z 57 51
ζ92830 11])1248 &2320 m 737 12329 15911
12546 11044 12217 1739 22425 3032
2233 2842 22115 2743 32523 153
32021 3642 32017 3749 42622 313

20 41740 4443 41921 4758 52724 433
5150 5246 51827 589 62827 553
61222 6051 61735 6822 72931 713
7944 65858 71644 7836 83036 9833
878 7577 81557 8853 9314210953

25 9 4 32 8 55 18 9 15 11 9 9 11 10 32 49 11 11 14
· 10 1 57 9 53 30 10 14 28 10 9 31 11 34 2 12 12 34
10 59 23 10 51 44 11 13 47 11 9 53 12 35 4 13 13 54

11 56 51 11 49 59 12 13 8 12 10 16 13 36 13 14 15 14

12 54 20 12 48 18 13 12 31 13 10 41 14 37 23 15 16 33

3ο 13 51 50 13 46 38 14 11 57 14 11 19 15 38 34 16 17 52
14 49 21 14 45 0 15 11 25 15 11 39 16 39 46 17 19 10

15 46 53 15 43 23 16 10 55 16 12 11 17 40 59 18 20 28

16 44 27 16 41 46 17 10 23 17 12 46 18 42 16 19 21 43

17 42 2 17 40 15 18 13 22 20 23 1

 

CALCULI

