202 EPHEMERIS SOLIS ANNI 1587
EPHEMERIS MOTUS SOLARIS

Dies J anuariu Februari s Martius Aprilis Maius Junius
G. Μ. s. G. M. s, G. M. s, G. M. s, G. M. S. G. Μ. s,

20 52 20 22 23 12 20 28 23 21 1 28 20 4 55 19 43 55
21 53 36 23 23 48 21 28 3 22 0 1 21 2 37 20 41 5
22 54 51 24 24 27 22 27 41 22 58 33 22 0 16 21 38 14
23 56 6 25 25 4 23 27 18 23 57 2 22 57 54 22 35 23
24 57 18 26 25 36 24 26 52 24 55 30 23 55 30 23 32 30
25 58 31 27 26 5 25 26 24 25 53 56 24 53 5 24 29 38
26 59 43 28 26 33 26 25 53 26 52 20 25 50 39 25 26 45
28 0 54 29 26 58 27 25 20’ 27 50 42 26 48 11 26 23 52
9 29 2 4 )( 27 19 28 24 46 28 49 2 27 45 42 27 21 0
10 m 3 13 l 27 39 29 24 9 29 47 20 28 43 11 28 18 6
1 4 21 2 27 59 V 23 31 8 45 34 29 40 40 29 15 12
2528 32818 12250 14345 11:388 931219
13 3634 42835 2226 24155 13535

4

5

6

 

 

 

 

    

      
   
    

10

    

ΟΟκῙΟΝυΙι-ῥωωῌ

  
  
    
    
   
   
   
   
   
   
  
   
  
  
  
    
   
   
   
  

   
   
   
     
     
  
  
   
  

   
   
     
    

15

   
  
   
    
   
   
    
  
    
  
  
  
    
   
   
   

1925
14 738 52850 32121 3404 2331 2630
15 841 629 3 420 34 438 22 330 25 3 335
16 943 72914 519 45 536 28 427 48 4 040

     
     

45745
55450
65156
7492
8468
94314
104020
113726
123432
133139
142846

17 7 10 44 8 29 23 6 18 50 6 34 33 5 25 11 '1⁸2⁰

18 81144 92930 71756 73235 62232
19 9 12 42 10 29 35 8 17 0 8 30 37 7 19 51
20 10 13 39 11 29 36 9 16 1 9 28 38 8 17 10
21 11 14 35 12 29 36 10 15 0 10 26 37. 9 14 28
22 12 15 30 13 29 34 11 13 57 11 24 34 10 11 46
23 13 16 23 14 29 30 12 12 50 12 22 29 11 9 1
24 14 17 16 15 29 24 13 11 43 13 20 21 12 6 17
25 15 18 6 16 29 17 14 10 34 14 18 11 13 3 31
26 16 18 55 17 29 7 15 9 24 15 16 1 14 0 45
27 17 19 42 18 28 55 16 8 11 16 13 50 14 57 58

      

25

   
    
    
   
      
 

28 18 20 27 19 28 40 17 6 56 17 11 38 15 55 10 15 25 53
29 19 21 11 18 5 37 18 9 25 16 52 22 16 23 0
30 20 21 53 19 4 15 19 7 11 17 49 34 17 20 6

   

31 21 22 32 20 2 53 18 46 45

AD

