10

15

25

18 31 55
19 29 3
20 26 12
21 23 22
22 2ο 32
23 17 42
24 14 53
25 12 5
26 9 17
27 6 30
28 3 44
29 0 58
29 58 13
g] 55 30
1 52 48
2 50 6
3 47 25
4 44 45
5 42 5
6 39 26
7 36 48
8 34 11
9 31 36
10 29 2
11 26 30
12 23 59
13 21 28
14 18 58
15 16 29
16 14 2
17 11 36

26

EPHEMERIS SOLIS ANNI 1586

Julius Augustus September Od'tober November December
PMSPMSPMSPMSPMSPMS—

18 9 12
19 6 49
20 4 28
21 2 7
21 59 48
22 57 31
23 55 15
24 53 1
25 50 49
26 48 39
27 46 30
28 44 22
29 42 15
ην 40 10
1 38 7
2 36 5
3 34 5
4 32 7
5 30 12
6 28 19
7 26 27
8 24 36
9 22 47
10 21 o
11 19 15
12 17 31
13 15 50
14 14 11
15 12 34
16 10 58
17 9 23

7 50

6 20

20 4 54
21 3 30
22 2 8
23 O 48
23 59 30
24 58 12
25 56 57
26 55 45
27 54 35
28 53 27
29 52 21
ἑὲ 51 17
1 50 15

2 49 15

3 48 17

4 47 22

5 46 30

6 45 39

7 44 50

8 44 3

9 43 18

10 42 36
11 41 56
12 41 18
13 40 42
14 40 8
15 39 37
16 39 9

17 38 43
18 38 19
19 37 57
20 37 36
21 37 16
22 36 59
23 36 54
24 36 41
25 36 30
26 36 20
27 36 13
28 36 11
29 36 11
η] 36 13
1 36 17
2 36 23
3 36 30
4 36 41
5 36 52
6 37 4
7 37 20
8 37 37
9 37 57
10 38 18
11 38 42
12 39 6
13 39 31
14 39 58
15 40 26
16 41 5
17 41 41

18 42 16
19 42 53
20 43 31
21 44 13
22 44 58
23 45 44
24 46 31
25 47 22
26 48 12
27 49 0
28 49 51
29 50 43
gx 51 38
1 52 34
2 53 32
3 54 30
4 55 30
5 56 32
6 57 36
7 58 41
8 59 47
10 0 53
11 1 59
12 3 7
13 4 15
14 5 24
15 6 34
16 7 46
17 9 1
18 10 19

19 11 35
20 12 41
21 13 58
22 15 17
23 16 36
24 17 56
25 19 15
26 20 34
27 21 52
28 23 10
29 24 29
z 25 49
1 27 9
2 28 30
3 29 51
4 31 12
5 32 33
6 33 53
7 35 14
8 36 34
9 37 55
10 39 15
11 40 34
12 41 54
13 43 14
14 44 33
15 45 52
16 47 10
17 48 27
18 49 45
19 51 3

EPHEMERIS

ΟΟΚΙΟἺΩΛι-ῥωΝβ

 

