EPHEMERIS SOLIS ANNI 1588

1589 1590 1591 1592. SUPPUTATAE E NEOTERICA CALCULI
UATIONES TYCHONIS BRAHE DANI.

1588
November December
Ρ. Μ. S. P. Μ. S.

205

19 0 13
19 57 22
20 54 31
21 51 41
22 48 51
23 46 2
24 43 14
25 40 26
26 37 39

12 52 25
13 49 55
14 47 26
15 44 58
16 42 32
17 40 7

18 37 42
19 35 20
20 32 59
21 30 40
22 28 23
23 26 7
24 23 52
25 21 39
26 19 27

10 49 51
11 48 6
12 46 25
13 44 45
14 43 7
15 41 30
16 39 55
17 38 22

Augustus September
Ρ. Μ. s. . . .

18 36 52
19 35 24
20 33 58
21 32 34
22 31 12
23 29 51
24 28 33
25 27 17
26 26 3
27 24 51
28 23 41
29 22 34

Ocstober
P. M. s.
18 8 10
19 7 46
20
21
22
23
24
25
26
27
28

κ]
:ffifflgoffi

(πυὶυιυιυιυῐ
κΙωῌν-*ωκῐω

ωωωκω

29
m
1
2
3
4
5
6
7
8
9

ΑΝ

10
11
12
13
14
15
16 10 25
17 11 0
18 11 36

ὈΟΟΟΟΟΟΧΙΧΙΝΙΟΝΦΦΦΦΩΙΩΙΟΙΜΟΊΩΊΟΊΟΝΦΦΦΨ

mmm
ωυὶΟκῐυὶυΙκῐν-*Οἱ

κο
ὅ

19 12 14
20 12 52
21 13 32
22 14 14
23 14 58
24 15 44
25 16 32
26 17 21
27 18 12

11 32 13
12 33 21
13 34 30
14 35 40
15 36 51
16 38 ’3
17 39 16
18 40 31

19 41 47
20 43 3
21 44 19
22 45 36
23 46 54
24 48 12
25 49 31
26 50 50
27 52 9
28 53 29
29 54 48
z 56 8
1 57 28

2 58 49

4 0 10

1 30

2 50

4 10

5 30

6 50

8 10

11 9 31
12 10 51
13 12 11
14 13 31
15 14 50
16 16 9
17 17 27
18 18 45
19 20 2
20 21 18

ΟΟΧΙΟΊυΙυΙ-Ἆωωμ

 

