   

Οοκὶῦῖυινβωωμ

31

       

Januarius Februarius Martius Aprilis
P. M. S. P. Μ. S. P. M. S. Ρ. Μ. S.

 

21 7 8
22 8 24
23 9 39
24 10 54
25 12 6
26 13 19
27 14 31
28 15 42
29 16 52
κα 18 1
1 19 9
2 20 16
3 21 22
4 22 26
5 23 29
6 24 31
7 25 32
8 26 32
9 27 30
10 28 27
11 29 23
12 30 18
13 31 11
14 32 3
15 32 53
16 33 42
17 34 29
18 35 14
19 35 58
20 36 40
21 37 19

EPHEMERIS SOLIS ANNI 1586

22 37 59
23 38 35
24 39 10
25 39 44
26 40 16
27 40 46
28 41 14
29 41 40
)( 42 4
1 42 26
2 42 46
3 43 5
4 43 22
5 43 37
6 43 50
7 44 1
8 44 10
9 44 17
10 44 22
11 44 23
12 44 23
13 44 21
14 44 17
15 44 11
16 44 3
17 43 53
18 43 41
19 43 26

 

 

20 43 9
21 42 49
22 42 27
23 42 4
24 41 38
25 41 10
26 40 39
27 40 6
28 39 32
29 38 55
N( 38 17
1 37 36
2 36 52
3 36 7
4 35 20
5 34 31
6 33 39
7 32 45
8 31 49
9 30 50
10 29 49
11 28 46
12 27 41
13 26 34
14 25 25
15 24 15
16 23 2
17 21 46
18 20 27
19 19 5
20 17 43

 

21 16 18
22 14 51
23 13 23
24 11 52

’25 10 20

26 8 46
27 7 9
28 5 31
29 3 51
ἓξ 2 9
1 0 24
1 58 35
2 56 45
3 54 54
4 53 11
5 51 17
6 49 22
7 47 24
8 45 26
9 43 27
10 41 26
11 39 23
12 37 18
13 35 ιο
14 33 0
15 30 49
16 28 37
17 26 24
18 24 10
19 21 54

20 19 36
21 17 16
22 14 55
23 12 33
24 10 9
25 7 44
26 5 18
27 2 50
28 ο 21
28 57 50
29 55 19
11 52 47
1 50 14
2 47 40
3 45 4
4 42 27
5 39 50
6 37 11
7 34 30
8 31 49
9 29 7
10 26 25
11 23 42
12 20 58
13 18 12
14 15 26
15 12 39
16 9 51
17 7 3
18 4 15
19 1 26

    

junius

Ρ. M. S.

19 58 36
20 55 46
21 52 55
22 50 4
23 47 11
24 44 19
25 41 26
26 38 33
27 35 40
28 32 46
29 29 53
§5 27 0
1 24 6
2 21 11
3 18 16
4 15 21
5 12 26
6 9 31
7 6 37
8 3 43
9 0 49
9 57 55
10 55 1
11 52 7
12 49 13
13 46 20
14 43 27
15 40 34
16 37 41
17 34 47

 

10

     
   
    
     
   
  

25

   
 
 
  

    

Julius

