EPHEMERIS SOLIS ANNI 1587 203

Septembe Ocstober November December
G. Μ. s. G. M. S. G. Μεῂἶ. Μ. S.

18 17 14 17 54 36 17 53 11 17 24 4 18 27 39 18 56 48
19 14 22 18 52 13 18 51 41 18 23 40 19 28 16 19 58 4
20 11 31 19 49 52 19 50 15 19 23 18 20 28 54 20 59 22
21 8 44 20 47 31 20 48 51 20 22 56 21 29 38 22 0 42
22 5 51 21 45 12 21 47 27 21 22 36 22 30 23 23 2 O
2331224255 22467 222222 23319 24320
24 0 12 23 40 39 23 44 49 23 22 17 24 31 56 25 4 39
24 57 24 24 38 25 24 43 31 24 22 4 25 32 47 26 5 58
25 54 36 25 36 13 25 42 16 25 21 53 26 33 37 27 7 16
26 51 49 26 34 3 26 41 4 26 21 43 27 34 25 28 8 34
27 49 3 27 31 54 27 39 54 27 21 36 28 35 16 29 9 53
28 46 19 28 29 46 28 38 46 28 21 34 29 36 8 z 11 13
29 43 34 29 27 39 29 37 40 29 21 34 ,ἕ 37 l 1 12 33
Ω4ο51ην2534 &3636 m2136 13757 21354
1389 12331 13534 12140 23853 31515
23527 22129 234 34 22145 339 51 416 36
332 46 319 29 333 36 32152 44049
4306 41731 43241 4223 54149
527 26 515 36 53149 52214 64251
624 47 613 41 630 58 622 26 743 55
7229 71149 7309 72242 84459
81932 8958 82922 82259 9467
91657 989 92837 92319104713
10 14 23 10 6 22 10 27 55 10 23 40 11 48 21
11 11 51 11 4 37 11 27 15 11 24 4 12 49 29
12 9 20 12 2 53 12 26 39 12 24 28 13 50 38
13 6 49 13 1 12 13 26 3 13 24 53 14 51 48
14 4 19 13 59 33 14 25 29 14 25 20 15 53 O
15 1 52 14 57 55 15 24 58 15 25 48 16 54 15
15 59 26 15 56 19 16 24 30 16 26 25 17 55 33
16570165444 17271

AD ANNUM 1587.

           

Julius

 

Augustus
G. M. S.

 

 

 

 

 

G. M. S.

      
        

    
     

     
 
 
   
   
    
  
    
   
 
 
 
 
 
 
    
 

  
    
  
  
   

   
   

10

       

ΟΟκὶΟΝυὶ-ῥωωῌ

  
   
  
  
  
  
     

     

15

  
  
  
  
 

5 17 57
6 19 17
7 20 38
8 21 58
9 23 19
10 24 39
11 25 58
12 27 18
13 28 38
14 29 57
15 31 16
16 32 34
17 33 51
18 35 9
19 36 26

20

  
  
  
  
  
    

  
  
  
 

25

  
  
  
  
   
  
  
    

  
  
  
   
   
     

26* EPHEMERIDES

