DE MOTU SOLIS 223

 

llr RADIX AD MERIDIEM CALENDARUM JANUARIJ
Si na ANNI 1583 LABENTIS.
1582 g9 20 17 20
5 1581 9 20 31 40
1580 9 20 46 0
1579 9 20 l 10
1578 9 20 15 30
1577 9 20 29 50
10 1576 9 20 44 10 5Η 12¹ 19“ 11⁴⁰
1575 9 19 59 20 30 l 13 55
1574 9 20 13 40 19 0 46 49
1573 9 20 28 0 ——14 19 55
1572 9 20 42 20 54
15 1571 9 19 57 30
1570 9 20 11 50 14 2⁰ 49
1⁵v 1582 9 20 17 20 1³10 bise110
1583 9 20 3 Ο 0 44 50
1584 9 20 47 50 ’
20 1585 9 20 33 30 In bisexto subtrahe Ο 0 44 50.
1586 9 20 19 10 9 19 29 4
1587 9 20 4 50 29 34
1588 9 20 49 40 -—··-—-·9 19 53 38
1589 9 20 35 20 2 30
25 1590 9 20 21 ΟΙΙ -9—2-0—1-b·
19 47 49
19 45 19
2 30
11 20 11 50
30 29 34
11 20 41 24
39 28
11 20 1 56
11 20 11 50
35 29 34
11 19 42 1611

DE

