10

15

25

    
  
    
   
   
   
    
   
 
    
  
 
 
 
 
 
 
  

EPHEMERIS SOLIS ANNI 1589
1589

        
       
     

      

     
   
   
    
  
    
   
   
    
   
   
   
    
  
   
  
    
   
  
    
  
  
  
   
   
 

     
    
      
     
      
       
       
  
   
      
    
  
   

        
   
   
 

   
   
    
   
    
    
    
    
    
   
   
   
  
   
   
 

   
    
    
    
    
    
   
   
   
  
   
   
   
    
   
 

    
   
   
   
    
  
    
   
   
     
   

    
   
  
   
   
   
   
  

    
  
    
   
      
      
 

    

18 46 25 18 23 48 18 22 42 17 53 43 19 26 56
19 43 33 19 21 24 19 21 13 18 53 18 19 58 6 20 28 12
20 40 42 20 19 3 20 19 46 19 52 56 20 58 46 21 29 28
21 37 52 21 16 43 21 18 20 20 52 36 21 59 28 22 30 44
’ 22 35 2 22 14 25 22 16 57 21 52 19 23 0 12 23 32 1
23 32 13 23 12 8 23 15 37 22 52 4 24 0 58 24 33 18
24 29 24 24 9 53 23 51 51 25 1 45 25 34 36
25 26 36 25 7 39 24 51 40 26 2 33 26 35 54
26 23 48 26 5 27 25 51 31 27 3 23 27 37 13
27 21 2 27 3 16 26 51 24 28 4 14 28 38 33
28 18 15 28 1 7 27 51 18 29 5 6 29 39 52
2915 30 2858 59 285116 ,ῐῑ 6 0 34112
91246 295653 295116 1655 14232
1102 11])5448 m5118 2751 24352
2719 15246 15123 3849 34512
3437 25046 25130 4949 44634
4156 34848 35138 51050 54755
45916 44651 45148 61152 64916
55637 54455 5520 71256 75035
65358 6431 65213 8141 85155
75121 7419 75230 9157 95317
8 48 45 8 39 19 8 52 48 10 16 13 10 54 37
94610 93731 953 8 111720 115557
10 43 36 10 35 43 10 57 33 10 53 30 12 18 28 12 57 17
11 41 4 11 33 58 ll 56 53 11 53 54 13 19 37 13 58 36
12 38 33 12 32 16 12 56 16 12 54 19 14 20 47 14 59 55
13 36 3 13 30 36 13 55 41 13 54 46 15 21 58 16 1 14
14 33 34 14 28 57 14 55 8 14 55 15 16 23 11 17 2 32
15 31 6 15 27 20 15 54 37 15 55 46 17 24 25 18 3 50
16 28 39 16 25 45 16 54 9 16 56 19 18 25 40 19 5 7
17 26 13 17 24 11 17 56 55 20 6 24

  

207

