10

15

25

18 32 37
19 29 45
20 26 53
21 24 2
22 21 11
23 18 20
24 15 30
25 12 42
26 9 54
27 7 7
28 4 21
29 1 35
29 58 50
g] 56 7
1 53 22
2 50 40
3 47 59
4 45 19
5 42 39
6 40 0
7 37 22
8 34 45
9 32 ιο
10 29 36
11 27 4
12 24 33
13 22 2
14 19 32
15 17 3
16 14 36
17 12 10

EPHEMERIS SOLIS ANNI 1590

9 52
7 27

20 5 6
21 2 45
22 0 26
22 58 9
23 55 53
24 53 39
25 51 27
26 49 17
27 47 8
28 45 0
29 42 53
ww&
1 38 45

2 36 43

3 34 43

4 32 45

5 30 50

6 28 57

7 27 5

8 25 14

9 23 25

10 21 38
11 19 52
12 18 9
13 16 28
14 14 49
15 13 12
16 11 36
17 10 1

 

 

8 32

20 5 33
21 4 8
22 2 45
23 1 24
24 0 6
24 58 48
25 57 33
26 56 21
27 55 11
28 54 3
29 52 57
gg 51 53
1 50 51
2 49 49
3 48 51
4 47 56
5 47 4
6 46 13
7 45 24
8 44 37
9 43 52
10 43 10
11 42 30
12 41 52
13 41 15
14 40 41
15 40 10
16 39 42

1590

 

17 39 16
18 38 50
19 38 28
20 38 7
21 37 47
22 37 30
23 37 25
24 37 12
25 37 1
26 36 51
27 36 44
28 36 42
29 36 42
n1 36 44
1 36 48
2 36 54
3 37 1
4 37 12
5 37 23
6 37 35
7 37 51
8 38 8
9 38 28
10 38 49
11 39 13
12 39 37
13 40 2
14 40 29
15 40 57
16 41 36
17 42 12

 

 

18 42 46 19 12 2

19 43 23
20 44 1
21 44 43
22 45 28
23 46 14
24 47 2
25 47 54
26 48 45
27 49 38
28 50 24
29 51 16
gn 52 11
1 53 6
2 54 3
3 55 0
4 55 59
5 57 1
6 58 5
7 59 10
9 ο 16
10 1 22
11 2 28
12 3 36
13 4 44
14 5 52
15 7 2
16 8 13
17 9 28
18 10 46

20 13 8
21 14 26
22 15 44
23 17 3
24 18 23
25 19 43
26 21 l
27 22 19
28 23 38
29 24 56
z 26 16

1 27 36 ’

2 28 57
3 30 18
4 31 39
5 33 0
6 34 20
7 35 41
8 37 O
9 38 22
10 39 42
11 41 l
12 42 21
13 43 41
14 45 0
15 46 19
16 47 37
17 48 54
18 50 12
19 51 30

209

=Slejtember Od’tober November December Dies
ffllz.M.S. 1³...Ms P..M.s P..M.s P...Ms

OOQOQsswNffl

11
12
13
14
15
16
17
18
19
20
21
22
23
24
25
26
27
28
29
30
31

1591

