204

ΟΟκΙΟἿυΙι-ῥωωῌ

  

1588

Ianuarius Februarius Martius

20 36 6
21 37 22
22 38 37
23 39 52
24 41 6
25 42 19
26 43 31
27 44 42
28 45 52
29 47 1
mx 48 8

10 58 32
11 59 27
13
14
15
16
17
18
19
20

22 7 17
23 7 55
24 8 31
25 9 5
26 9 38
27 10 9
28 10 38
29 11 5
)( 11 30
1 11 52
2 12 12
3 12 30
4 12 47
5 13 4
6 13 19
7 13 32
8 13 43
9 13 51
10 13 57
11 14 2
12 14 4
13 14 3
14 14 o
15 13 55
16 13 46
17 13 35
18 13 23
19 13 10
20 12 55

 

21 12 37
22 12 17
23 11 55
24 11 31
25 11 4
26 10 35
27 10 4
28 9 31
29 8 55
8 16
7 36
6 54
6 10
5 24
4 35
3 44
2 51
1 55
0 58
10 0 0
10 58 58
11 57 55
12 56 48
13 55 39
14 54 28
15 53 15
16 52 0
17 50 43
18 49 25
19 48 4
20 46 41

ὈΟΟκΙΦυΙΦωΝῌ<

21 45 16
22 43 49
23 42 20
24 40 49
25 39 16
26 37 41
27 36 4
28 34 25
29 32 44

17 54 57
18 52 42
19 50 26

EPHEMERIS SOLIS ANNI 1588

EPHEMERIDES MOTUS SOLIS QUINQUE ANNORUM 1588
RESTITUTIONE PER ACCURATAS OBSER-

20 48 8
21 45 48
22 43 27
23 41 4
24 38 40
25 36 14
26 33 47
27 31 19
28 28 50
29 26 19
11 23 46
1 21 13
2 18 39
3 16 4
4 13 28
1

«2³0 αυ·α σκιω
«α ε>ιυ ιη αοεο
&Sfflffl-'Z‘g

5
10 54 46
11 52 2
12 49 16
13 46 30
14 43 44
15 40 57
16 38 10
17 35 22
18 32 33
19 29 43

20 26 53
21 24 2
22 21 10
23 18 18
24 15 26
25 12 35
26 9 43
27 6 50
28 3 57
29 1 4
29 58 10
§3 55 16
1 52 21
2 49 27

10 26 10
11 23 16
12 20 22
13 17 29
14 14 35
15 11 42
16 8 49
17 5 57

10

15

25

18 3 5 3⁵

1589

