109¹

DE LATITUDINE PLANETARUM 259

D. K. R.
1 0 0 l 18
2 1 52 0 8 32 30 32 1 28 62 6(9) 43 1 17
3 2 48 0 12 33 31 30 1 30 63 61 45 l 15
4 3 43 0 17 34 32 30 1 30 64 62 47 1 13
5 4 38 0 22 35 33 29 1 31 65 63 49 l 11
6 5 34 0 26 36 34 28 1 32 66 64 51 1 9
7 6 30 0 30 37 35 28 1 32 67 65 53 1 7
8 7 26 0 34 38 36 27 1 33 68 66 56 1 4
9 8 23 0 37 -39 37 26 1 34 69 67 58 1 2
10 9 20 0 40 40 38 26 1 34 70 69 0 1 0
11 10 17 0 43 41 39 26 l 34 71 70 3 0 57
12 11 14 O 46 42 40 26 1 34 72 71 6 0 54
13 12 1 1 0 49 43 41 26 1 34 73 72 8 0 52
14 13 8 0 52 44 42 27 1 33 74 73 1 1 0 49
15 14 5 0 55 45 43 27 1 33 75 74 13 Ο 47
16 15 2 0 58 46 44 27 1 33 76 75 16 0 44
17 16 0 1 0 47 45 28 1 32 77 76 19 0 41
18 16 57 1 3 48 46 28 1 32 78 77 22 0 38
19 17 54 1 6 49 47 28 1 32 79 78 25 0 35
20 18 52 1 8 50 48 29 1 31 80 79 28 0 32
21 19 50 1 10 51 49 30 1 30 81 80 31 0 29
22 20 48 1 12 52 50 31 1 29 82 81 35 O 25
23 21 46 1 14 53 51 32 1 28 83 82 38 0 22
24 22 44 1 16 54 52 33 1 27 84 83 41 0 19
25 23 42 1 18 55 53 34 1 26 85 84 44 0 16
26 24 41 1 19 56 54 35 1 25 86 85 47 0 13
27 25 39 1 21 57 55 36 1 24 87 86 50 0 10
28 26 37 1 23 58 56 37 1 23 88 87 53 0 7
29 27 35 1 25 59 57 38 1 22 89 88 57 0 3
30 28 34 1 26 60 58 40 1 20 90 90 0 0 0

PRO

