SPECIMEN DIARII ANNI 1599 193
10v 1599. MARTIVS.

5-- Anomalia Lunae Motus Lat. (Ι

11 18 ⁴34 Ι10 27 10 Ι13 0 ι11 1 31 43 40
11 19 33 18 9 21 40 0 24 5 25 57 26
11 20 32 27 21 33 6
11 21 31 35 3 44 33
11 22 30 43 15 56 0
11 23 29 52 28 7 26
11 24 29 0 10 18 53
11 25 28 8 22 30 20
11 26 27 17 4 41 47
ll 27 26 25 16 53 13
11 28 25 33 29 4 40
ll 29 24 42 11 16 7
23 50 23 27 33
22 58 5 39 0
22 7 17 50 27
21 15 0 1 53
20 23 12 13 20
19 31 24 24 47
18 40 6 36 13
17 48 18 47 40
16 57 0 59 7
16 5 13 10 34
15 13 25 22 0
14 22 7 33 27
13 30 19 44 54 24 35 6
12 38 1 56 20 7 38 59

11 47 14 7 47 20 42 53
10 55 26 19 14 3 46 47
10 3 8 30 40 16 50 41
9 11 20 42 7 29 54 35
8 20 2 53 34 1 12 58 29

υ·

μ

7 9 19 11 11
20 13 13 24 57
3 17 7 38 43
16 21 1 52 28
29 24 55 6 14
12 28 49 20 Ο
25 32 42 33 45
8 36 36 47 31
21 40 30 1 17
4 44 24 15 2
17 48 18 28 48
0 52 12 42 34
13 56 6 56 19
27 0 0 10 5
10 3 54 23 51
23 7 48 37 36
6 11 42 26 51 22
19 15 36 10 5 8
2 19 30 23 18 53
15 23 24 6 32 39
28 27 18
11 317 12

ωκὶσὶυιορωΝῌ
ὈῸΦΟΟκὶκὶκΙΟΊΟΝ

0

Φ
u—nu-nv-*t—
·-··-·00x0

0

oexloxmvwa-n
OQOOoeQQOOQQQsssswwNNNffl

Ὁ

19 46 24
3 0 10
16 13 56
29 27 42
12 41 27
25'55 13
9 8 59
22 22 44
5 36 30

2⁵ 1599. MARTIVS.

vat-1·—
*00

0
0
0
0
0
0
0
0
0
0
0
0
0
0
0
0
0
0

mmmsssssswmeN—-uoo
Οοκὶκὶσῆσὶυιυὶυἱῴρωωωωωῠ-*ῌΟ

 

