ω Augustus September Od’tober
m P. M. s. Ρ. Μῑ Ρ. Μ. S.

18 18 49
19 15 57
20 13 6
21 10 15
22 7 25
23 4 36
24 1 47
24 58 58
25 56 10
26 53 23
27 50 36
28 47 50
29 45 4
g] 42 19
1 39 36
2 36 54
3 34 13
4 31 33
5 28 54
6 26 14
7 23 37
8 21 0

- 9 18 25

10 15 51
11 13 17
12 10 44
13 8 13
14 5 43
15 3 14
16 0 47
16 58 21

EPHEMERIS SOLIS ANNI 1591

17 55 57
18 53 35
19 51 13
20 48 52
21 46 33
22 44 15
23 41 58
24 39 43
25 37 30
26 35 18
27 33 8
28 31 o
29 28 53
up 26 47
1 24 43
2 22 42
3 2ο 41
4 18 43
5 16 47
6 14 53
7 13 0
8 11 11
9 9 20
10 7 33
11 5 47
12 4 3
13 2 21
14 0 41
14 59 3
15 57 26
16 55 53

17 54 22
18 52 49
19 51 22
20 49 56
21 48 32
22 47 11
23 45 52
24 44 35
25 43 20
26 42 7
27 40 55
28 39 45
29 38 40
gg 37 34
1 36 31
2 35 31
3 34 33
4 33 37
5 32 43
6 31 52
7 31 4
8 30 18
9 29 33
ιο 28 50
11 28 8
12 27 29
13 26 51
14 26 17
15 25 46
16 25 16

1591

17 24 49
18 24 23
19 24 0
20 23 39
21 23 2ο
22 23 3
23 22 49
24 22 37
25 22 27
26 22 19
27 22 13
28 22 9
29 22 8
n1 22 9
1 22 11
2 22 16
3 22 23
4 22 32
5 22 44
6 22 57
7 23 12
8 23 29
9 23 48
10 24 9
11 24 32
12 24 56
13 25 22
14 25 51
15 26 22
16 26 54
17 27 28

November December

P. M. S.

18 28 2
19 28 41
20 29 20
21 30 1
22 30 43
23 31 27
24 32 13
25 33 1
26 33 50
27 34 40
28 35 31
29 36 24
gn 37 18
1 38 14
2 39 12
3 40 11
4 41 11
5 42 12
6 43 16
7 44 19
8 45 25
9 46 31
10 47 37
11 48 44
12 49 53
13 51 3
14 52 14
15 53 26
16 54 39
17 55 54

18 57 9
19 58 23
20 59 39
22 0 55
23 2 12
24 3 29
25 4 47
26 6 5
27 7 24
28 8 43
29 10 2
z 11 22
1 12 42
2 14 2
3 15 23
4 16 44
5 18 5
6 19 26
7 20 46
8 22 5
9 23 26
10 24 47
11 26 7
12 27 25
13 28 46
14 30 5
15 31 24
16 32 43
17 34 1
18 35 19
19 36 35

211

ΟΟΝΙΟἿΕΛᾼωΝν-

 

