DE LATITUDINE PLANETARUM 265

104Γ M.T.S.

   

     

annulata-1 0 0 s 0 ι
1 1 0 0 47
211 2 2 0 2 32 32 39 0 39 62 62 46 0 27 46
5 3 3 3 0 3 33 33 40 0 40 63 63 46 0 46
4 4 4 0 4 34 34 41 Ο 41 64 64 45 0
5 5 5 0 5 35 35 42 0 42 65 65 44 0
6 6 6 0 6 36 36 42 0 42 66 66 43 Ο
7 7 7 0 7 37 37 43 O 43 67 67 42 0
10 8 8 8 0 8 38 38 43 Ο 43 68 68 41 0
9 9 10 0 10 39 39 44 Ο 44 69 69 ,39 0
10 10 11 O 11 40 40 44 0 44 70 70 38 0
11 ll 12 Ο 12 41 41 45 0 45 71 71 37 0
12 12 13 0 13 42 42 45 0 45 72 72 36 0
, 15 13 13 14 0 14 43 43 46 0 46 73 73 35 0
14 14 15 Ο 15 44 44 46 0 46 74 74 33 0
15 15 17 0 17 45 45 46 0 46 75 75 32 0
16 16 18 0 18 46 46 47 0 47 76 76 31 0
17 17 19 Ο 19 47 47 47 0 47 77 77 29 0
20 18 18 21 0 21 48 48 48 0 48 78 78 28 0
19 19 23 0 23 49 49 48 0 48 79 79 26 0
20 20 24 0 24 50 50 48 0 48 80 80 24 0
21 21 26 0 26 51 51 49 Ο 49 81 81 22 0
22 22 27 0 27 52 52 49 Ο 49 82 82 20 0
25 23 23 28 0 28 53 53 49 0 49 83 83 18 0
24 24 29 0 29 54 54 49 0 49 84 84 16 0
25 25 30 0 30 55 55 49 Ο 49 85 85 13 0
26 26 31 0 31 56 56 48 0 48 86 86 1 1 Ο
27 27 32 0 32 57 57 48 0 48 87 87 8 0
30 28 28 34 Ο 34 58 58 48 0 48 88 88 6 0
29 29 35 0 35 59 59 48 0 48 89 89 3 0
30 30 36 0 36 60 60 47 0 47 90 90 0 0

 

34 PRO

